{
  "nbformat": 4,
  "nbformat_minor": 0,
  "metadata": {
    "colab": {
      "name": "สอบปลายภาค.ipynb",
      "provenance": [],
      "authorship_tag": "ABX9TyORD9OZyeobxTuSDwGdd89P",
      "include_colab_link": true
    },
    "kernelspec": {
      "name": "python3",
      "display_name": "Python 3"
    },
    "language_info": {
      "name": "python"
    }
  },
  "cells": [
    {
      "cell_type": "markdown",
      "metadata": {
        "id": "view-in-github",
        "colab_type": "text"
      },
      "source": [
        "<a href=\"https://colab.research.google.com/github/Pornchita2541/Multivariate/blob/main/%E0%B8%AA%E0%B8%AD%E0%B8%9A%E0%B8%9B%E0%B8%A5%E0%B8%B2%E0%B8%A2%E0%B8%A0%E0%B8%B2%E0%B8%84.ipynb\" target=\"_parent\"><img src=\"https://colab.research.google.com/assets/colab-badge.svg\" alt=\"Open In Colab\"/></a>"
      ]
    },
    {
      "cell_type": "markdown",
      "metadata": {
        "id": "UVibxYiJb7zi"
      },
      "source": [
        "ให้นักศึกษาทำข้อสอบใน Colab Notebook นี้โดยกรอกข้อมูลของตัวเองใน cell ที่ 2 แล้วรัน cell ที่ 1 - 5 และเริ่มทำข้อสอบใน cell ที่ 6 เป็นต้นไป\n",
        "\n",
        "โดยโจทย์คือ\n",
        "1. ข้อมูลโจทย์ อยู่ใน ตัวแปร ```Data```\n",
        "2. ทำ clustering แล้วทำ visualize ข้อมูลแบบ 2 มิติ\n",
        "3. ลด Dimension ของข้อมูลเหลือ 2 มิติ แล้วทำ clustering แล้ว visualize ข้อมูลแบบ 2 มิติ\n",
        "4. เปรียบเทียบความแตกต่างของผลข้อ 2. กับ ข้อ 3.\n",
        "5. เขียน comments อธิบายทุกขั้นตอน\n",
        "6. อัด video อธิบาย code ทุกๆขั้นตอนรวมถึงผลแล้วอัพลง youtube ในรูปแบบ unlist \n",
        "7. commit โดยใช้ชื่อ commit เป็น link youtube ที่อธิบาย code ในข้อ 6.\n",
        "\n",
        "กำหนดส่งวันที่ 2 พฤษภาคม 2564 (โดยให้มากรอกวันที่ commit ครั้งสุดท้ายใน sheet: https://docs.google.com/spreadsheets/d/1_qJwLDJVtOW1HxBcf_FHVc6UT4J_SOonuR6o3EEnVzw/edit?usp=sharing ช่อง Final)"
      ]
    },
    {
      "cell_type": "code",
      "metadata": {
        "id": "1dMk1zjWbaiu"
      },
      "source": [
        "from sklearn.datasets import make_blobs\n",
        "import random,math\n",
        "import numpy as np\n",
        "import pandas\n",
        "import pandas as pd"
      ],
      "execution_count": 1,
      "outputs": []
    },
    {
      "cell_type": "code",
      "metadata": {
        "id": "_cHbfsY1cEmE"
      },
      "source": [
        "Name = 'พรชิตา แสนจันทร์'\n",
        "ID = '603021828-5'"
      ],
      "execution_count": 2,
      "outputs": []
    },
    {
      "cell_type": "code",
      "metadata": {
        "id": "fXgthTYYcO9m"
      },
      "source": [
        "def DataGenerator(name,id):\n",
        "    random.seed(int(id[3:6]))\n",
        "    numfeat = random.randint(20,30)\n",
        "    ct = random.randint(len(name)-6,len(name))\n",
        "    \n",
        "    X, y = make_blobs(n_samples=10000, centers=ct, n_features=numfeat , random_state=int(id[3:6]))\n",
        "\n",
        "    print(f'{id[3:6]}:{numfeat}:{ct}')\n",
        "    X_t = (X[:,1]*2)+int(id[3])\n",
        "    X_t2 = (X[:,-1]*5)+int(id[4])\n",
        "\n",
        "    DT = np.append(X,X_t.reshape([10000,1]),axis=1)\n",
        "    DT = np.append(DT,X_t2.reshape([10000,1]),axis=1)\n",
        "    \n",
        "    return pandas.DataFrame(DT)"
      ],
      "execution_count": 3,
      "outputs": []
    },
    {
      "cell_type": "code",
      "metadata": {
        "colab": {
          "base_uri": "https://localhost:8080/"
        },
        "id": "zSakD6fidWU9",
        "outputId": "9262b8ae-01f7-4192-ac4e-92a4ea75fd2f"
      },
      "source": [
        "Data = DataGenerator(Name,ID)"
      ],
      "execution_count": 4,
      "outputs": [
        {
          "output_type": "stream",
          "text": [
            "021:22:13\n"
          ],
          "name": "stdout"
        }
      ]
    },
    {
      "cell_type": "code",
      "metadata": {
        "colab": {
          "base_uri": "https://localhost:8080/",
          "height": 439
        },
        "id": "B5uixBDndnIF",
        "outputId": "0cd7ba1b-8dd6-4d74-e917-8c0b7f4136de"
      },
      "source": [
        "Data"
      ],
      "execution_count": 5,
      "outputs": [
        {
          "output_type": "execute_result",
          "data": {
            "text/html": [
              "<div>\n",
              "<style scoped>\n",
              "    .dataframe tbody tr th:only-of-type {\n",
              "        vertical-align: middle;\n",
              "    }\n",
              "\n",
              "    .dataframe tbody tr th {\n",
              "        vertical-align: top;\n",
              "    }\n",
              "\n",
              "    .dataframe thead th {\n",
              "        text-align: right;\n",
              "    }\n",
              "</style>\n",
              "<table border=\"1\" class=\"dataframe\">\n",
              "  <thead>\n",
              "    <tr style=\"text-align: right;\">\n",
              "      <th></th>\n",
              "      <th>0</th>\n",
              "      <th>1</th>\n",
              "      <th>2</th>\n",
              "      <th>3</th>\n",
              "      <th>4</th>\n",
              "      <th>5</th>\n",
              "      <th>6</th>\n",
              "      <th>7</th>\n",
              "      <th>8</th>\n",
              "      <th>9</th>\n",
              "      <th>10</th>\n",
              "      <th>11</th>\n",
              "      <th>12</th>\n",
              "      <th>13</th>\n",
              "      <th>14</th>\n",
              "      <th>15</th>\n",
              "      <th>16</th>\n",
              "      <th>17</th>\n",
              "      <th>18</th>\n",
              "      <th>19</th>\n",
              "      <th>20</th>\n",
              "      <th>21</th>\n",
              "      <th>22</th>\n",
              "      <th>23</th>\n",
              "    </tr>\n",
              "  </thead>\n",
              "  <tbody>\n",
              "    <tr>\n",
              "      <th>0</th>\n",
              "      <td>-0.753628</td>\n",
              "      <td>-1.025994</td>\n",
              "      <td>-5.952946</td>\n",
              "      <td>-0.400472</td>\n",
              "      <td>6.799086</td>\n",
              "      <td>7.113557</td>\n",
              "      <td>1.559397</td>\n",
              "      <td>9.424892</td>\n",
              "      <td>-6.620534</td>\n",
              "      <td>1.503246</td>\n",
              "      <td>-8.336819</td>\n",
              "      <td>-6.869254</td>\n",
              "      <td>-0.941849</td>\n",
              "      <td>3.779754</td>\n",
              "      <td>-3.724184</td>\n",
              "      <td>2.044814</td>\n",
              "      <td>7.756093</td>\n",
              "      <td>6.770531</td>\n",
              "      <td>1.302341</td>\n",
              "      <td>4.464965</td>\n",
              "      <td>-1.980008</td>\n",
              "      <td>2.484954</td>\n",
              "      <td>-2.051989</td>\n",
              "      <td>14.424771</td>\n",
              "    </tr>\n",
              "    <tr>\n",
              "      <th>1</th>\n",
              "      <td>-0.406066</td>\n",
              "      <td>-4.990092</td>\n",
              "      <td>7.309898</td>\n",
              "      <td>-2.972503</td>\n",
              "      <td>-5.321833</td>\n",
              "      <td>-4.422716</td>\n",
              "      <td>2.401294</td>\n",
              "      <td>-5.792368</td>\n",
              "      <td>-5.678925</td>\n",
              "      <td>5.805411</td>\n",
              "      <td>2.157975</td>\n",
              "      <td>6.389343</td>\n",
              "      <td>7.792260</td>\n",
              "      <td>-4.714322</td>\n",
              "      <td>1.959602</td>\n",
              "      <td>-7.166392</td>\n",
              "      <td>7.620671</td>\n",
              "      <td>6.508650</td>\n",
              "      <td>3.228711</td>\n",
              "      <td>-6.562059</td>\n",
              "      <td>8.622149</td>\n",
              "      <td>-8.245622</td>\n",
              "      <td>-9.980184</td>\n",
              "      <td>-39.228112</td>\n",
              "    </tr>\n",
              "    <tr>\n",
              "      <th>2</th>\n",
              "      <td>-3.744933</td>\n",
              "      <td>-3.480937</td>\n",
              "      <td>-9.227205</td>\n",
              "      <td>7.087691</td>\n",
              "      <td>6.545563</td>\n",
              "      <td>7.950522</td>\n",
              "      <td>8.633959</td>\n",
              "      <td>-8.946822</td>\n",
              "      <td>8.130434</td>\n",
              "      <td>-7.446542</td>\n",
              "      <td>9.981436</td>\n",
              "      <td>4.757383</td>\n",
              "      <td>7.643014</td>\n",
              "      <td>4.933556</td>\n",
              "      <td>7.711823</td>\n",
              "      <td>5.000035</td>\n",
              "      <td>7.961539</td>\n",
              "      <td>-9.364339</td>\n",
              "      <td>3.651569</td>\n",
              "      <td>7.232914</td>\n",
              "      <td>7.921016</td>\n",
              "      <td>-9.416149</td>\n",
              "      <td>-6.961873</td>\n",
              "      <td>-45.080747</td>\n",
              "    </tr>\n",
              "    <tr>\n",
              "      <th>3</th>\n",
              "      <td>10.013564</td>\n",
              "      <td>6.630884</td>\n",
              "      <td>2.007275</td>\n",
              "      <td>-0.697779</td>\n",
              "      <td>8.702782</td>\n",
              "      <td>2.804571</td>\n",
              "      <td>-10.116233</td>\n",
              "      <td>2.961177</td>\n",
              "      <td>0.213988</td>\n",
              "      <td>0.079192</td>\n",
              "      <td>-0.001249</td>\n",
              "      <td>-3.793305</td>\n",
              "      <td>-4.537488</td>\n",
              "      <td>4.974167</td>\n",
              "      <td>3.239741</td>\n",
              "      <td>-6.347649</td>\n",
              "      <td>6.271382</td>\n",
              "      <td>5.176364</td>\n",
              "      <td>5.950714</td>\n",
              "      <td>-4.921763</td>\n",
              "      <td>-3.909779</td>\n",
              "      <td>-4.697175</td>\n",
              "      <td>13.261768</td>\n",
              "      <td>-21.485877</td>\n",
              "    </tr>\n",
              "    <tr>\n",
              "      <th>4</th>\n",
              "      <td>1.928254</td>\n",
              "      <td>-4.101280</td>\n",
              "      <td>-1.721024</td>\n",
              "      <td>-5.418081</td>\n",
              "      <td>-9.189113</td>\n",
              "      <td>5.237051</td>\n",
              "      <td>4.085843</td>\n",
              "      <td>-8.798299</td>\n",
              "      <td>-4.952839</td>\n",
              "      <td>-4.194099</td>\n",
              "      <td>4.983857</td>\n",
              "      <td>-1.180567</td>\n",
              "      <td>-1.199833</td>\n",
              "      <td>-3.460760</td>\n",
              "      <td>1.957475</td>\n",
              "      <td>8.558564</td>\n",
              "      <td>9.340650</td>\n",
              "      <td>-8.856825</td>\n",
              "      <td>-0.843829</td>\n",
              "      <td>-9.522416</td>\n",
              "      <td>6.826698</td>\n",
              "      <td>4.407135</td>\n",
              "      <td>-8.202561</td>\n",
              "      <td>24.035674</td>\n",
              "    </tr>\n",
              "    <tr>\n",
              "      <th>...</th>\n",
              "      <td>...</td>\n",
              "      <td>...</td>\n",
              "      <td>...</td>\n",
              "      <td>...</td>\n",
              "      <td>...</td>\n",
              "      <td>...</td>\n",
              "      <td>...</td>\n",
              "      <td>...</td>\n",
              "      <td>...</td>\n",
              "      <td>...</td>\n",
              "      <td>...</td>\n",
              "      <td>...</td>\n",
              "      <td>...</td>\n",
              "      <td>...</td>\n",
              "      <td>...</td>\n",
              "      <td>...</td>\n",
              "      <td>...</td>\n",
              "      <td>...</td>\n",
              "      <td>...</td>\n",
              "      <td>...</td>\n",
              "      <td>...</td>\n",
              "      <td>...</td>\n",
              "      <td>...</td>\n",
              "      <td>...</td>\n",
              "    </tr>\n",
              "    <tr>\n",
              "      <th>9995</th>\n",
              "      <td>-2.557160</td>\n",
              "      <td>8.750409</td>\n",
              "      <td>-3.806598</td>\n",
              "      <td>4.660577</td>\n",
              "      <td>9.525657</td>\n",
              "      <td>2.533091</td>\n",
              "      <td>-4.833330</td>\n",
              "      <td>9.897642</td>\n",
              "      <td>-1.633843</td>\n",
              "      <td>8.932021</td>\n",
              "      <td>-8.232509</td>\n",
              "      <td>9.334778</td>\n",
              "      <td>3.937638</td>\n",
              "      <td>-10.007822</td>\n",
              "      <td>3.571218</td>\n",
              "      <td>-3.765515</td>\n",
              "      <td>-0.244325</td>\n",
              "      <td>-1.556678</td>\n",
              "      <td>-8.211115</td>\n",
              "      <td>6.106192</td>\n",
              "      <td>11.497584</td>\n",
              "      <td>1.575652</td>\n",
              "      <td>17.500817</td>\n",
              "      <td>9.878261</td>\n",
              "    </tr>\n",
              "    <tr>\n",
              "      <th>9996</th>\n",
              "      <td>6.699291</td>\n",
              "      <td>-1.067502</td>\n",
              "      <td>5.385884</td>\n",
              "      <td>6.435232</td>\n",
              "      <td>5.357716</td>\n",
              "      <td>7.031969</td>\n",
              "      <td>4.234862</td>\n",
              "      <td>-1.799274</td>\n",
              "      <td>-3.448120</td>\n",
              "      <td>6.113983</td>\n",
              "      <td>-5.703465</td>\n",
              "      <td>-3.295631</td>\n",
              "      <td>-5.776246</td>\n",
              "      <td>1.241216</td>\n",
              "      <td>7.677021</td>\n",
              "      <td>-4.283344</td>\n",
              "      <td>7.284623</td>\n",
              "      <td>7.929664</td>\n",
              "      <td>2.893910</td>\n",
              "      <td>-3.342555</td>\n",
              "      <td>6.219801</td>\n",
              "      <td>-0.685775</td>\n",
              "      <td>-2.135004</td>\n",
              "      <td>-1.428873</td>\n",
              "    </tr>\n",
              "    <tr>\n",
              "      <th>9997</th>\n",
              "      <td>4.287949</td>\n",
              "      <td>-0.627294</td>\n",
              "      <td>7.709861</td>\n",
              "      <td>3.167397</td>\n",
              "      <td>-6.658936</td>\n",
              "      <td>-5.596329</td>\n",
              "      <td>7.394752</td>\n",
              "      <td>-3.651045</td>\n",
              "      <td>-1.395186</td>\n",
              "      <td>-8.872767</td>\n",
              "      <td>3.532006</td>\n",
              "      <td>4.955257</td>\n",
              "      <td>8.291748</td>\n",
              "      <td>-5.823316</td>\n",
              "      <td>7.279068</td>\n",
              "      <td>-8.430987</td>\n",
              "      <td>-0.768754</td>\n",
              "      <td>-2.188961</td>\n",
              "      <td>0.102604</td>\n",
              "      <td>0.003926</td>\n",
              "      <td>1.140420</td>\n",
              "      <td>1.856363</td>\n",
              "      <td>-1.254588</td>\n",
              "      <td>11.281813</td>\n",
              "    </tr>\n",
              "    <tr>\n",
              "      <th>9998</th>\n",
              "      <td>9.093126</td>\n",
              "      <td>-4.949346</td>\n",
              "      <td>-3.852101</td>\n",
              "      <td>6.727662</td>\n",
              "      <td>-4.630706</td>\n",
              "      <td>3.074760</td>\n",
              "      <td>8.358431</td>\n",
              "      <td>-8.279913</td>\n",
              "      <td>5.322937</td>\n",
              "      <td>-9.499148</td>\n",
              "      <td>0.488962</td>\n",
              "      <td>-1.874346</td>\n",
              "      <td>3.886551</td>\n",
              "      <td>5.288563</td>\n",
              "      <td>-9.829219</td>\n",
              "      <td>-8.956823</td>\n",
              "      <td>2.770698</td>\n",
              "      <td>4.135902</td>\n",
              "      <td>-7.209421</td>\n",
              "      <td>0.865682</td>\n",
              "      <td>-6.908635</td>\n",
              "      <td>-1.107784</td>\n",
              "      <td>-9.898693</td>\n",
              "      <td>-3.538922</td>\n",
              "    </tr>\n",
              "    <tr>\n",
              "      <th>9999</th>\n",
              "      <td>-0.113553</td>\n",
              "      <td>8.480108</td>\n",
              "      <td>-3.455053</td>\n",
              "      <td>6.918409</td>\n",
              "      <td>9.082834</td>\n",
              "      <td>4.574444</td>\n",
              "      <td>-5.020262</td>\n",
              "      <td>9.623760</td>\n",
              "      <td>-4.041526</td>\n",
              "      <td>8.242138</td>\n",
              "      <td>-6.774013</td>\n",
              "      <td>10.137048</td>\n",
              "      <td>4.921141</td>\n",
              "      <td>-8.714128</td>\n",
              "      <td>2.740963</td>\n",
              "      <td>-6.304805</td>\n",
              "      <td>0.176690</td>\n",
              "      <td>0.114227</td>\n",
              "      <td>-8.515865</td>\n",
              "      <td>6.774051</td>\n",
              "      <td>9.605381</td>\n",
              "      <td>0.317423</td>\n",
              "      <td>16.960216</td>\n",
              "      <td>3.587115</td>\n",
              "    </tr>\n",
              "  </tbody>\n",
              "</table>\n",
              "<p>10000 rows × 24 columns</p>\n",
              "</div>"
            ],
            "text/plain": [
              "             0         1         2   ...        21         22         23\n",
              "0     -0.753628 -1.025994 -5.952946  ...  2.484954  -2.051989  14.424771\n",
              "1     -0.406066 -4.990092  7.309898  ... -8.245622  -9.980184 -39.228112\n",
              "2     -3.744933 -3.480937 -9.227205  ... -9.416149  -6.961873 -45.080747\n",
              "3     10.013564  6.630884  2.007275  ... -4.697175  13.261768 -21.485877\n",
              "4      1.928254 -4.101280 -1.721024  ...  4.407135  -8.202561  24.035674\n",
              "...         ...       ...       ...  ...       ...        ...        ...\n",
              "9995  -2.557160  8.750409 -3.806598  ...  1.575652  17.500817   9.878261\n",
              "9996   6.699291 -1.067502  5.385884  ... -0.685775  -2.135004  -1.428873\n",
              "9997   4.287949 -0.627294  7.709861  ...  1.856363  -1.254588  11.281813\n",
              "9998   9.093126 -4.949346 -3.852101  ... -1.107784  -9.898693  -3.538922\n",
              "9999  -0.113553  8.480108 -3.455053  ...  0.317423  16.960216   3.587115\n",
              "\n",
              "[10000 rows x 24 columns]"
            ]
          },
          "metadata": {
            "tags": []
          },
          "execution_count": 5
        }
      ]
    },
    {
      "cell_type": "markdown",
      "metadata": {
        "id": "GwlMvFMVFTwF"
      },
      "source": [
        "ตัดข้อมูลที่มีค่า corre ซ้ำกันออก"
      ]
    },
    {
      "cell_type": "code",
      "metadata": {
        "id": "DS7iubb1FZIe"
      },
      "source": [
        "corr = np.corrcoef(Data.to_numpy().T)"
      ],
      "execution_count": 6,
      "outputs": []
    },
    {
      "cell_type": "markdown",
      "metadata": {
        "id": "HrgTtd8SF5rS"
      },
      "source": [
        "ดูขนาดของ corre"
      ]
    },
    {
      "cell_type": "code",
      "metadata": {
        "id": "WMtQTRxwF3x1",
        "colab": {
          "base_uri": "https://localhost:8080/"
        },
        "outputId": "18861cda-7236-4f4c-a702-01ce1d765128"
      },
      "source": [
        "corr.shape "
      ],
      "execution_count": 7,
      "outputs": [
        {
          "output_type": "execute_result",
          "data": {
            "text/plain": [
              "(24, 24)"
            ]
          },
          "metadata": {
            "tags": []
          },
          "execution_count": 7
        }
      ]
    },
    {
      "cell_type": "code",
      "metadata": {
        "id": "rsKCIhvVGCXC",
        "colab": {
          "base_uri": "https://localhost:8080/"
        },
        "outputId": "2ec9cf78-3af6-4255-8873-b7272d7bd183"
      },
      "source": [
        "corr"
      ],
      "execution_count": 8,
      "outputs": [
        {
          "output_type": "execute_result",
          "data": {
            "text/plain": [
              "array([[ 1.00000000e+00,  1.40347297e-01,  6.24088908e-02,\n",
              "         1.95282774e-01,  3.18783502e-02,  3.61667750e-01,\n",
              "        -2.34337915e-02, -9.91110752e-02,  2.49858130e-01,\n",
              "        -1.93212121e-01,  6.75166683e-03, -2.65887969e-01,\n",
              "        -6.84737178e-02,  3.28158549e-01,  1.64562152e-02,\n",
              "        -4.72630661e-01, -3.30788446e-01, -1.27850870e-01,\n",
              "        -2.29979434e-01, -3.02612449e-01, -3.42681500e-01,\n",
              "        -9.48352747e-02,  1.40347297e-01, -9.48352747e-02],\n",
              "       [ 1.40347297e-01,  1.00000000e+00,  1.77134060e-01,\n",
              "         4.66743190e-02,  3.69545006e-01, -8.03370519e-02,\n",
              "        -6.79987926e-01,  5.55269025e-01, -2.43837004e-01,\n",
              "         1.51106628e-01, -3.85451526e-01, -3.25556212e-01,\n",
              "         3.68505854e-02, -6.30494129e-02,  1.29609714e-01,\n",
              "        -3.63192400e-01, -5.31900709e-01, -3.49983774e-02,\n",
              "        -3.00169867e-01,  8.05961270e-02, -1.63817857e-01,\n",
              "         3.48380759e-01,  1.00000000e+00,  3.48380759e-01],\n",
              "       [ 6.24088908e-02,  1.77134060e-01,  1.00000000e+00,\n",
              "        -1.98232061e-01, -3.15623187e-01, -5.71622117e-01,\n",
              "        -3.88013682e-01,  8.54665697e-02, -3.60063510e-01,\n",
              "         3.39939597e-01, -2.06381201e-01,  1.28308330e-02,\n",
              "        -1.72189998e-01, -1.45287061e-01,  4.14623522e-01,\n",
              "        -2.82261467e-01, -2.32558296e-01,  3.52711511e-01,\n",
              "         1.92537109e-01, -5.87174583e-01,  1.10477207e-01,\n",
              "         1.16583319e-01,  1.77134060e-01,  1.16583319e-01],\n",
              "       [ 1.95282774e-01,  4.66743190e-02, -1.98232061e-01,\n",
              "         1.00000000e+00,  5.28759279e-01,  3.47468008e-01,\n",
              "         4.34466569e-01, -2.11474670e-01,  4.74091531e-01,\n",
              "        -6.74451641e-02,  3.07212479e-01, -1.63828730e-02,\n",
              "         3.92980574e-01,  3.69817733e-01,  2.31759153e-01,\n",
              "        -3.89612406e-01,  3.50485630e-02, -4.54792761e-02,\n",
              "        -1.88515787e-01,  5.14664324e-01,  3.19180915e-01,\n",
              "        -3.57971207e-01,  4.66743190e-02, -3.57971207e-01],\n",
              "       [ 3.18783502e-02,  3.69545006e-01, -3.15623187e-01,\n",
              "         5.28759279e-01,  1.00000000e+00,  6.19754285e-01,\n",
              "        -1.40813777e-01,  4.40494687e-01,  2.91746367e-01,\n",
              "         3.24520313e-01, -1.50077335e-01, -5.90290984e-02,\n",
              "        -9.79821723e-02,  4.07880638e-01,  2.50117598e-01,\n",
              "        -3.89704269e-02,  2.24129457e-01,  1.47412617e-01,\n",
              "         3.94587553e-02,  4.65980158e-01,  2.39998754e-01,\n",
              "        -2.95739280e-01,  3.69545006e-01, -2.95739280e-01],\n",
              "       [ 3.61667750e-01, -8.03370519e-02, -5.71622117e-01,\n",
              "         3.47468008e-01,  6.19754285e-01,  1.00000000e+00,\n",
              "         1.88569451e-01,  4.66589979e-02,  3.59726061e-01,\n",
              "         1.11729090e-01,  7.26890117e-02, -7.34874113e-02,\n",
              "        -1.34920212e-01,  5.08565011e-01,  1.27480638e-01,\n",
              "         2.34549704e-01,  3.42142605e-01, -2.29669421e-01,\n",
              "        -1.32581832e-01,  1.20072952e-01,  2.01258878e-01,\n",
              "        -2.81584525e-01, -8.03370519e-02, -2.81584525e-01],\n",
              "       [-2.34337915e-02, -6.79987926e-01, -3.88013682e-01,\n",
              "         4.34466569e-01, -1.40813777e-01,  1.88569451e-01,\n",
              "         1.00000000e+00, -5.52517725e-01,  1.54273686e-01,\n",
              "        -3.74410384e-01,  4.73696370e-01,  4.47470163e-02,\n",
              "         3.68103771e-01,  2.05498470e-02, -2.32770469e-01,\n",
              "         3.14869181e-02,  3.77390229e-01, -1.47396902e-01,\n",
              "         1.63143997e-01,  3.58384461e-01,  1.48340242e-01,\n",
              "        -3.18534440e-01, -6.79987926e-01, -3.18534440e-01],\n",
              "       [-9.91110752e-02,  5.55269025e-01,  8.54665697e-02,\n",
              "        -2.11474670e-01,  4.40494687e-01,  4.66589979e-02,\n",
              "        -5.52517725e-01,  1.00000000e+00, -3.64519586e-01,\n",
              "         5.13353203e-01, -8.01383815e-01,  4.66362579e-02,\n",
              "        -3.24948560e-01, -2.12375208e-01, -4.42468451e-02,\n",
              "        -4.74735675e-02, -2.11957360e-01,  4.17819363e-01,\n",
              "        -7.04089860e-02,  1.89031484e-01, -1.52832442e-01,\n",
              "         3.46102551e-01,  5.55269025e-01,  3.46102551e-01],\n",
              "       [ 2.49858130e-01, -2.43837004e-01, -3.60063510e-01,\n",
              "         4.74091531e-01,  2.91746367e-01,  3.59726061e-01,\n",
              "         1.54273686e-01, -3.64519586e-01,  1.00000000e+00,\n",
              "        -2.66623185e-01,  4.62151844e-01,  3.05226060e-01,\n",
              "         1.75320556e-01,  5.47796094e-01,  2.10714367e-01,\n",
              "        -3.35260194e-02,  5.78369233e-04, -2.01119992e-01,\n",
              "        -2.02382348e-01,  2.51501609e-01,  5.58429321e-02,\n",
              "        -4.97098059e-01, -2.43837004e-01, -4.97098059e-01],\n",
              "       [-1.93212121e-01,  1.51106628e-01,  3.39939597e-01,\n",
              "        -6.74451641e-02,  3.24520313e-01,  1.11729090e-01,\n",
              "        -3.74410384e-01,  5.13353203e-01, -2.66623185e-01,\n",
              "         1.00000000e+00, -4.98543928e-01,  2.98508431e-01,\n",
              "        -2.83849078e-01, -1.49179976e-01,  2.75790122e-01,\n",
              "        -3.07280651e-02,  2.50553979e-01,  4.86244473e-01,\n",
              "        -3.49731962e-02, -2.24571472e-01,  5.50539952e-01,\n",
              "        -8.67568348e-02,  1.51106628e-01, -8.67568348e-02],\n",
              "       [ 6.75166683e-03, -3.85451526e-01, -2.06381201e-01,\n",
              "         3.07212479e-01, -1.50077335e-01,  7.26890117e-02,\n",
              "         4.73696370e-01, -8.01383815e-01,  4.62151844e-01,\n",
              "        -4.98543928e-01,  1.00000000e+00,  1.02239934e-01,\n",
              "         5.09488238e-01,  2.07295018e-01,  2.35173359e-01,\n",
              "         6.85177084e-02,  2.74762441e-01, -5.43610779e-01,\n",
              "         1.44237918e-01,  1.87038345e-02,  3.12241156e-01,\n",
              "        -5.34922076e-01, -3.85451526e-01, -5.34922076e-01],\n",
              "       [-2.65887969e-01, -3.25556212e-01,  1.28308330e-02,\n",
              "        -1.63828730e-02, -5.90290984e-02, -7.34874113e-02,\n",
              "         4.47470163e-02,  4.66362579e-02,  3.05226060e-01,\n",
              "         2.98508431e-01,  1.02239934e-01,  1.00000000e+00,\n",
              "         1.35332898e-01, -3.86793502e-01,  3.76740053e-01,\n",
              "         2.06995022e-01, -1.79356138e-02, -1.12688596e-01,\n",
              "        -1.03934052e-01,  7.79047225e-02,  4.76283182e-01,\n",
              "        -2.28303531e-01, -3.25556212e-01, -2.28303531e-01],\n",
              "       [-6.84737178e-02,  3.68505854e-02, -1.72189998e-01,\n",
              "         3.92980574e-01, -9.79821723e-02, -1.34920212e-01,\n",
              "         3.68103771e-01, -3.24948560e-01,  1.75320556e-01,\n",
              "        -2.83849078e-01,  5.09488238e-01,  1.35332898e-01,\n",
              "         1.00000000e+00, -8.66457667e-02,  2.33517618e-02,\n",
              "        -3.70175800e-01, -2.13095932e-01, -4.00212726e-01,\n",
              "        -3.09943176e-01,  4.04312345e-01,  2.25412615e-01,\n",
              "        -3.36871743e-01,  3.68505854e-02, -3.36871743e-01],\n",
              "       [ 3.28158549e-01, -6.30494129e-02, -1.45287061e-01,\n",
              "         3.69817733e-01,  4.07880638e-01,  5.08565011e-01,\n",
              "         2.05498470e-02, -2.12375208e-01,  5.47796094e-01,\n",
              "        -1.49179976e-01,  2.07295018e-01, -3.86793502e-01,\n",
              "        -8.66457667e-02,  1.00000000e+00,  1.51005062e-01,\n",
              "         1.07748441e-02,  1.85055570e-01,  7.40732808e-02,\n",
              "        -3.79068443e-02, -8.78975084e-03, -8.63484175e-02,\n",
              "        -3.17565332e-01, -6.30494129e-02, -3.17565332e-01],\n",
              "       [ 1.64562152e-02,  1.29609714e-01,  4.14623522e-01,\n",
              "         2.31759153e-01,  2.50117598e-01,  1.27480638e-01,\n",
              "        -2.32770469e-01, -4.42468451e-02,  2.10714367e-01,\n",
              "         2.75790122e-01,  2.35173359e-01,  3.76740053e-01,\n",
              "         2.33517618e-02,  1.51005062e-01,  1.00000000e+00,\n",
              "         1.88772520e-01, -6.56558183e-02, -2.95947466e-01,\n",
              "         5.40056219e-02, -2.72697776e-01,  6.16343196e-01,\n",
              "        -2.09657880e-01,  1.29609714e-01, -2.09657880e-01],\n",
              "       [-4.72630661e-01, -3.63192400e-01, -2.82261467e-01,\n",
              "        -3.89612406e-01, -3.89704269e-02,  2.34549704e-01,\n",
              "         3.14869181e-02, -4.74735675e-02, -3.35260194e-02,\n",
              "        -3.07280651e-02,  6.85177084e-02,  2.06995022e-01,\n",
              "        -3.70175800e-01,  1.07748441e-02,  1.88772520e-01,\n",
              "         1.00000000e+00,  3.58919118e-01, -3.07135856e-01,\n",
              "         2.22202818e-01, -1.06607306e-01,  1.84332989e-01,\n",
              "         1.93878764e-01, -3.63192400e-01,  1.93878764e-01],\n",
              "       [-3.30788446e-01, -5.31900709e-01, -2.32558296e-01,\n",
              "         3.50485630e-02,  2.24129457e-01,  3.42142605e-01,\n",
              "         3.77390229e-01, -2.11957360e-01,  5.78369233e-04,\n",
              "         2.50553979e-01,  2.74762441e-01, -1.79356138e-02,\n",
              "        -2.13095932e-01,  1.85055570e-01, -6.56558183e-02,\n",
              "         3.58919118e-01,  1.00000000e+00,  2.46316379e-01,\n",
              "         5.53261532e-01, -1.62879783e-02,  4.24567929e-01,\n",
              "        -4.78734632e-01, -5.31900709e-01, -4.78734632e-01],\n",
              "       [-1.27850870e-01, -3.49983774e-02,  3.52711511e-01,\n",
              "        -4.54792761e-02,  1.47412617e-01, -2.29669421e-01,\n",
              "        -1.47396902e-01,  4.17819363e-01, -2.01119992e-01,\n",
              "         4.86244473e-01, -5.43610779e-01, -1.12688596e-01,\n",
              "        -4.00212726e-01,  7.40732808e-02, -2.95947466e-01,\n",
              "        -3.07135856e-01,  2.46316379e-01,  1.00000000e+00,\n",
              "         2.66766478e-01,  1.76365306e-02, -1.40721072e-01,\n",
              "        -2.99501740e-02, -3.49983774e-02, -2.99501740e-02],\n",
              "       [-2.29979434e-01, -3.00169867e-01,  1.92537109e-01,\n",
              "        -1.88515787e-01,  3.94587553e-02, -1.32581832e-01,\n",
              "         1.63143997e-01, -7.04089860e-02, -2.02382348e-01,\n",
              "        -3.49731962e-02,  1.44237918e-01, -1.03934052e-01,\n",
              "        -3.09943176e-01, -3.79068443e-02,  5.40056219e-02,\n",
              "         2.22202818e-01,  5.53261532e-01,  2.66766478e-01,\n",
              "         1.00000000e+00, -8.83383004e-02,  2.12460819e-02,\n",
              "        -3.33827315e-01, -3.00169867e-01, -3.33827315e-01],\n",
              "       [-3.02612449e-01,  8.05961270e-02, -5.87174583e-01,\n",
              "         5.14664324e-01,  4.65980158e-01,  1.20072952e-01,\n",
              "         3.58384461e-01,  1.89031484e-01,  2.51501609e-01,\n",
              "        -2.24571472e-01,  1.87038345e-02,  7.79047225e-02,\n",
              "         4.04312345e-01, -8.78975084e-03, -2.72697776e-01,\n",
              "        -1.06607306e-01, -1.62879783e-02,  1.76365306e-02,\n",
              "        -8.83383004e-02,  1.00000000e+00, -6.43296535e-02,\n",
              "        -1.08878657e-01,  8.05961270e-02, -1.08878657e-01],\n",
              "       [-3.42681500e-01, -1.63817857e-01,  1.10477207e-01,\n",
              "         3.19180915e-01,  2.39998754e-01,  2.01258878e-01,\n",
              "         1.48340242e-01, -1.52832442e-01,  5.58429321e-02,\n",
              "         5.50539952e-01,  3.12241156e-01,  4.76283182e-01,\n",
              "         2.25412615e-01, -8.63484175e-02,  6.16343196e-01,\n",
              "         1.84332989e-01,  4.24567929e-01, -1.40721072e-01,\n",
              "         2.12460819e-02, -6.43296535e-02,  1.00000000e+00,\n",
              "        -4.00490968e-01, -1.63817857e-01, -4.00490968e-01],\n",
              "       [-9.48352747e-02,  3.48380759e-01,  1.16583319e-01,\n",
              "        -3.57971207e-01, -2.95739280e-01, -2.81584525e-01,\n",
              "        -3.18534440e-01,  3.46102551e-01, -4.97098059e-01,\n",
              "        -8.67568348e-02, -5.34922076e-01, -2.28303531e-01,\n",
              "        -3.36871743e-01, -3.17565332e-01, -2.09657880e-01,\n",
              "         1.93878764e-01, -4.78734632e-01, -2.99501740e-02,\n",
              "        -3.33827315e-01, -1.08878657e-01, -4.00490968e-01,\n",
              "         1.00000000e+00,  3.48380759e-01,  1.00000000e+00],\n",
              "       [ 1.40347297e-01,  1.00000000e+00,  1.77134060e-01,\n",
              "         4.66743190e-02,  3.69545006e-01, -8.03370519e-02,\n",
              "        -6.79987926e-01,  5.55269025e-01, -2.43837004e-01,\n",
              "         1.51106628e-01, -3.85451526e-01, -3.25556212e-01,\n",
              "         3.68505854e-02, -6.30494129e-02,  1.29609714e-01,\n",
              "        -3.63192400e-01, -5.31900709e-01, -3.49983774e-02,\n",
              "        -3.00169867e-01,  8.05961270e-02, -1.63817857e-01,\n",
              "         3.48380759e-01,  1.00000000e+00,  3.48380759e-01],\n",
              "       [-9.48352747e-02,  3.48380759e-01,  1.16583319e-01,\n",
              "        -3.57971207e-01, -2.95739280e-01, -2.81584525e-01,\n",
              "        -3.18534440e-01,  3.46102551e-01, -4.97098059e-01,\n",
              "        -8.67568348e-02, -5.34922076e-01, -2.28303531e-01,\n",
              "        -3.36871743e-01, -3.17565332e-01, -2.09657880e-01,\n",
              "         1.93878764e-01, -4.78734632e-01, -2.99501740e-02,\n",
              "        -3.33827315e-01, -1.08878657e-01, -4.00490968e-01,\n",
              "         1.00000000e+00,  3.48380759e-01,  1.00000000e+00]])"
            ]
          },
          "metadata": {
            "tags": []
          },
          "execution_count": 8
        }
      ]
    },
    {
      "cell_type": "code",
      "metadata": {
        "id": "wRycPl3EGLyN",
        "colab": {
          "base_uri": "https://localhost:8080/"
        },
        "outputId": "af70e48e-1eb7-4d3a-987a-83b6a5b66ae4"
      },
      "source": [
        "for i in range(corr.shape[0]):\n",
        "    for j in range(corr.shape[1]):\n",
        "        if (i !=j) and (corr[i,j] == 1.):\n",
        "            print(f'row = {i} column = {j} corrcoef = {corr[i,j]}') "
      ],
      "execution_count": 9,
      "outputs": [
        {
          "output_type": "stream",
          "text": [
            "row = 1 column = 22 corrcoef = 1.0\n",
            "row = 21 column = 23 corrcoef = 1.0\n",
            "row = 22 column = 1 corrcoef = 1.0\n",
            "row = 23 column = 21 corrcoef = 1.0\n"
          ],
          "name": "stdout"
        }
      ]
    },
    {
      "cell_type": "code",
      "metadata": {
        "id": "qENFy4JOGTw5",
        "colab": {
          "base_uri": "https://localhost:8080/",
          "height": 439
        },
        "outputId": "a4c4dd6f-b006-4911-eb85-3cae63655550"
      },
      "source": [
        "DataD = Data.iloc[:,1:21]\n",
        "DataD"
      ],
      "execution_count": 10,
      "outputs": [
        {
          "output_type": "execute_result",
          "data": {
            "text/html": [
              "<div>\n",
              "<style scoped>\n",
              "    .dataframe tbody tr th:only-of-type {\n",
              "        vertical-align: middle;\n",
              "    }\n",
              "\n",
              "    .dataframe tbody tr th {\n",
              "        vertical-align: top;\n",
              "    }\n",
              "\n",
              "    .dataframe thead th {\n",
              "        text-align: right;\n",
              "    }\n",
              "</style>\n",
              "<table border=\"1\" class=\"dataframe\">\n",
              "  <thead>\n",
              "    <tr style=\"text-align: right;\">\n",
              "      <th></th>\n",
              "      <th>1</th>\n",
              "      <th>2</th>\n",
              "      <th>3</th>\n",
              "      <th>4</th>\n",
              "      <th>5</th>\n",
              "      <th>6</th>\n",
              "      <th>7</th>\n",
              "      <th>8</th>\n",
              "      <th>9</th>\n",
              "      <th>10</th>\n",
              "      <th>11</th>\n",
              "      <th>12</th>\n",
              "      <th>13</th>\n",
              "      <th>14</th>\n",
              "      <th>15</th>\n",
              "      <th>16</th>\n",
              "      <th>17</th>\n",
              "      <th>18</th>\n",
              "      <th>19</th>\n",
              "      <th>20</th>\n",
              "    </tr>\n",
              "  </thead>\n",
              "  <tbody>\n",
              "    <tr>\n",
              "      <th>0</th>\n",
              "      <td>-1.025994</td>\n",
              "      <td>-5.952946</td>\n",
              "      <td>-0.400472</td>\n",
              "      <td>6.799086</td>\n",
              "      <td>7.113557</td>\n",
              "      <td>1.559397</td>\n",
              "      <td>9.424892</td>\n",
              "      <td>-6.620534</td>\n",
              "      <td>1.503246</td>\n",
              "      <td>-8.336819</td>\n",
              "      <td>-6.869254</td>\n",
              "      <td>-0.941849</td>\n",
              "      <td>3.779754</td>\n",
